1.Time 
2.MotorStatus 
3.KumandaThrottle 
4.KumandaTrim 
5.ArduThrottle 
6.ArduTrim 
7.MotorThrottle 
8.Thrust 
9.RefRPM 
10.MotorRPM 
11.EGT 
12.BatteryVoltage 
13.PumpVoltage 
14.Fuel
15.Roll 
16.RollRef 
17.RollTemp 
18.Pitch 
19.PitchRef 
20.PitchTemp 
21.ServoError 
21.RollAkim 
22.PitchAkim 
veri2019_04_06__17_47_39= [8151,13,50,20,0,0,0,0,0,0,24,0,0,0,-0.44,-0.44,37,-0.53,-0.53,37,0,0,16.8;
8247,13,50,20,0,0,0,0,0,0,24,0,0,0,-0.44,-0.44,37,-0.53,-0.53,37,0,0,20.16;
8342,13,50,20,0,0,0,0,0,0,24,0,0,0,-0.44,-0.44,37,-0.53,-0.53,37,0,0,20.16;
8457,13,50,20,-20,0,0,0,0,0,24,0,0,0,-0.44,-0.44,37,-0.53,-0.53,37,0,0,20.16;
8543,13,50,20,-20,0,0,0,0,0,24,0,0,0,-0.44,-0.44,37,-0.53,-0.53,37,0,0,20.16;
8633,13,50,20,-20,0,0,0,0,0,24,0,0,0,-0.44,-0.44,37,-0.53,-0.53,37,0,0,20.16;
8729,13,50,20,-20,0,0,0,0,0,24,0,0,0,-0.44,-0.44,37,-0.53,-0.53,37,0,0,23.52;
8825,13,50,20,-20,0,0,0,0,0,24,0,0,0,-0.44,-0.44,37,-0.53,-0.53,37,0,0,20.16;
8921,13,50,20,-20,0,0,0,0,0,24,0,0,0,-0.44,-0.44,37,-0.53,-0.53,37,0,0,20.16;
9017,13,50,20,-20,0,0,0,0,0,24,0,0,0,-0.44,-0.44,37,-0.53,-0.53,37,0,0,20.16;
9113,13,50,20,-20,0,0,0,0,0,24,0,0,0,-0.44,-0.44,37,-0.53,-0.53,37,0,0,20.16;
9208,13,50,20,-20,0,0,0,0,0,24,0,0,0,-0.44,-0.44,37,-0.53,-0.53,37,0,0,20.16;
9304,13,50,20,-20,0,0,0,0,0,24,0,0,0,-0.44,-0.44,37,-0.53,-0.53,37,0,0,16.8;
9400,13,50,20,-20,0,0,0,0,0,24,0,0,0,-0.44,-0.44,37,-0.53,-0.53,37,0,0,16.8;
9496,13,50,20,-20,0,0,0,0,0,24,0,0,0,-0.44,-0.44,37,-0.53,-0.53,37,0,0,16.8;
9592,13,50,20,0,0,0,0,0,0,24,0,0,0,-0.44,-0.44,37,-0.53,-0.53,37,0,0,20.16;
9688,13,50,20,0,0,0,0,0,0,24,0,0,0,-0.44,-0.44,37,-0.53,-0.53,37,0,0,20.16;
9784,13,50,20,0,0,0,0,0,0,24,0,0,0,-0.44,-0.44,37,-0.53,-0.53,37,0,0,20.16;
9880,13,50,20,0,0,0,0,0,0,24,0,0,0,-0.44,-0.44,37,-0.53,-0.53,37,0,0,20.16;
9976,13,50,20,0,0,0,0,0,0,24,0,0,0,-0.44,-0.44,37,-0.53,-0.53,37,0,0,16.8;
10072,13,50,20,0,0,0,0,0,0,24,0,0,0,-0.44,-0.44,37,-0.53,-0.53,37,0,0,20.16;
10168,13,50,20,0,0,0,0,0,0,24,0,0,0,-0.44,-0.44,37,-0.53,-0.53,37,0,0,20.16;
10263,13,50,20,0,0,0,0,0,0,24,0,0,0,-0.44,-0.44,37,-0.53,-0.53,37,0,0,23.52;
10359,13,50,20,-20,0,0,0,0,0,24,0,0,0,-0.44,-0.44,37,-0.53,-0.53,37,0,0,16.8;
10455,13,50,20,-20,0,0,0,0,0,24,0,0,0,-0.44,-0.44,37,-0.53,-0.53,37,0,0,20.16;
10551,13,50,20,-20,0,0,0,0,0,24,0,0,0,-0.44,-0.44,37,-0.53,-0.53,37,0,0,20.16;
10647,13,50,20,-20,0,0,0,0,0,24,0,0,0,-0.44,-0.44,37,-0.53,-0.53,37,0,0,16.8;
10743,13,50,20,-20,0,0,0,0,0,24,0,0,0,-0.44,-0.44,37,-0.53,-0.53,37,0,0,20.16;
10839,13,50,20,-20,0,0,0,0,0,24,0,0,0,-0.44,-0.44,37,-0.53,-0.53,37,0,0,20.16;
10935,13,50,20,-20,0,0,0,0,0,24,0,0,0,-0.44,-0.44,37,-0.53,-0.53,37,0,0,16.8;
11031,13,50,20,-20,0,0,0,0,0,24,0,0,0,-0.44,-0.44,37,-0.53,-0.53,37,0,0,20.16;
11126,13,50,20,-20,0,0,0,0,0,24,0,0,0,-0.44,-0.44,37,-0.53,-0.53,37,0,0,20.16;
11223,13,50,20,-20,0,0,0,0,0,24,0,0,0,-0.44,-0.44,37,-0.53,-0.53,37,0,0,20.16;
11319,13,50,20,-20,0,0,0,0,0,24,0,0,0,-0.44,-0.44,37,-0.53,-0.53,37,0,0,16.8;
11414,13,50,20,0,0,0,0,0,0,24,0,0,0,-0.44,-0.44,37,-0.53,-0.53,37,0,0,20.16;
11510,13,50,20,0,0,0,0,0,0,24,0,0,0,-0.44,-0.44,37,-0.53,-0.53,37,0,0,20.16;
11606,13,50,20,0,0,0,0,0,0,24,0,0,0,-0.44,-0.44,37,-0.53,-0.53,37,0,0,16.8;
11702,13,50,20,0,0,0,0,0,0,24,0,0,0,-0.44,-0.44,37,-0.53,-0.53,37,0,0,16.8;
11798,13,50,20,0,0,0,0,0,0,24,0,0,0,-0.44,-0.44,37,-0.53,-0.53,37,0,0,20.16;
11894,13,50,20,-20,0,0,0,0,0,24,0,0,0,-0.44,-0.44,37,-0.53,-0.53,37,0,0,16.8;
11990,13,50,20,-20,0,0,0,0,0,24,0,0,0,-0.44,-0.44,37,-0.53,-0.53,37,0,0,16.8;
12086,13,50,20,-20,0,0,0,0,0,24,0,0,0,-0.44,-0.44,37,-0.53,-0.53,37,0,0,16.8;
12182,13,50,20,-20,0,0,0,0,0,24,0,0,0,-0.44,-0.44,37,-0.53,-0.53,37,0,0,20.16;
12278,13,50,20,-20,0,0,0,0,0,24,0,0,0,-0.44,-0.44,37,-0.53,-0.53,37,0,0,20.16;
12374,13,50,20,-20,0,0,0,0,0,24,0,0,0,-0.44,-0.44,37,-0.53,-0.53,37,0,0,20.16;
12469,13,50,20,-20,0,0,0,0,0,24,0,0,0,-0.44,-0.44,37,-0.53,-0.53,37,0,0,20.16;
12584,13,50,20,-20,0,0,0,0,0,24,0,0,0,-0.44,-0.44,37,-0.53,-0.53,37,0,0,20.16;
12664,13,50,20,-20,0,0,0,0,0,24,0,0,0,-0.44,-0.44,37,-0.53,-0.53,37,0,0,16.8;
12760,13,50,20,-20,0,0,0,0,0,24,0,0,0,-0.44,-0.44,37,-0.53,-0.53,37,0,0,13.44;
12856,13,50,20,-20,0,0,0,0,0,24,0,0,0,-0.44,-0.44,37,-0.53,-0.53,37,0,0,16.8;
12952,13,50,20,0,0,0,0,0,0,24,0,0,0,-0.44,-0.44,37,-0.53,-0.53,37,0,0,16.8;
13048,13,50,20,0,0,0,0,0,0,24,0,0,0,-0.44,-0.44,37,-0.53,-0.53,37,0,0,20.16;
13144,13,50,20,0,0,0,0,0,0,24,0,0,0,-0.44,-0.44,37,-0.53,-0.53,37,0,0,16.8;
13239,13,50,20,0,0,0,0,0,0,24,0,0,0,-0.44,-0.44,37,-0.53,-0.53,37,0,0,20.16;
13335,13,50,20,0,0,0,0,0,0,24,0,0,0,-0.44,-0.44,37,-0.53,-0.53,37,0,0,20.16;
13431,13,50,20,0,0,0,0,0,0,24,0,0,0,-0.44,-0.44,37,-0.53,-0.53,37,0,0,20.16;
13527,13,50,20,0,0,0,0,0,0,24,0,0,0,-0.44,-0.44,37,-0.53,-0.53,37,0,0,20.16;
13623,13,50,20,0,0,0,0,0,0,24,0,0,0,-0.44,-0.44,37,-0.53,-0.53,37,0,0,16.8;
13719,13,50,20,0,0,0,0,0,0,24,0,0,0,-0.44,-0.44,37,-0.53,-0.53,37,0,0,16.8;
13815,13,50,20,0,0,0,0,0,0,24,0,0,0,-0.44,-0.44,37,-0.53,-0.53,37,0,0,13.44;
13911,13,50,20,0,0,0,0,0,0,24,0,0,0,-0.44,-0.44,37,-0.53,-0.53,37,0,0,16.8;
14007,13,50,20,0,0,0,0,0,0,24,0,0,0,-0.44,-0.44,37,-0.53,-0.53,37,0,0,16.8;
14103,13,50,20,-20,0,0,0,0,0,24,0,0,0,-0.44,-0.44,37,-0.53,-0.53,37,0,0,20.16;
14199,13,50,20,-20,0,0,0,0,0,24,0,0,0,-0.44,-0.44,37,-0.53,-0.53,37,0,0,23.52;
14294,13,50,20,-20,0,0,0,0,0,24,0,0,0,-0.44,-0.44,37,-0.53,-0.53,37,0,0,16.8;
14390,13,50,20,-20,0,0,0,0,0,24,0,0,0,-0.44,-0.44,37,-0.53,-0.53,37,0,0,20.16;
14486,13,50,20,-20,0,0,0,0,0,24,0,0,0,-0.44,-0.44,37,-0.53,-0.53,37,0,0,23.52;
14582,13,50,20,-20,0,0,0,0,0,24,0,0,0,-0.44,-0.44,37,-0.53,-0.53,37,0,0,23.52;
14678,13,50,20,-20,0,0,0,0,0,24,0,0,0,-0.44,-0.44,37,-0.53,-0.53,37,0,0,16.8;
14774,13,50,20,-20,0,0,0,0,0,24,0,0,0,-0.44,-0.44,37,-0.53,-0.53,37,0,0,20.16;
14870,13,50,20,-20,0,0,0,0,0,24,0,0,0,-0.44,-0.44,37,-0.53,-0.53,37,0,0,20.16;
14966,13,50,20,0,0,0,0,0,0,24,0,0,0,-0.44,-0.44,37,-0.53,-0.53,37,0,0,16.8;
15062,13,50,20,0,0,0,0,0,0,24,0,0,0,-0.44,-0.44,37,-0.53,-0.53,37,0,0,20.16;
15158,13,50,20,0,0,0,0,0,0,24,0,0,0,-0.44,-0.44,37,-0.53,-0.53,37,0,0,20.16;
15254,13,50,20,0,0,0,0,0,0,24,0,0,0,-0.44,-0.44,37,-0.53,-0.53,37,0,0,20.16;
15350,13,50,20,0,0,0,0,0,0,24,0,0,0,-0.44,-0.44,37,-0.53,-0.53,37,0,0,20.16;
15445,13,50,20,0,0,0,0,0,0,24,0,0,0,-0.44,-0.44,37,-0.53,-0.53,37,0,0,20.16;
15541,13,50,20,-20,0,0,0,0,0,24,0,0,0,-0.44,-0.44,37,-0.53,-0.53,37,0,0,16.8;
15637,13,50,20,-20,0,0,0,0,0,24,0,0,0,-0.44,-0.44,37,-0.53,-0.53,37,0,0,20.16;
15733,13,50,20,-20,0,0,0,0,0,24,0,0,0,-0.44,-0.44,37,-0.53,-0.53,37,0,0,20.16;
15829,13,50,20,-20,0,0,0,0,0,24,0,0,0,-0.44,-0.44,37,-0.53,-0.53,37,0,0,20.16;
15925,13,50,20,-20,0,0,0,0,0,24,0,0,0,-0.44,-0.44,37,-0.53,-0.53,37,0,0,23.52;
16021,13,50,20,-20,0,0,0,0,0,24,0,0,0,-0.44,-0.44,37,-0.53,-0.53,37,0,0,20.16;
];

